2.650000000000000000e+02
3.300000000000000000e+02
0.000000000000000000e+00
2.200000000000000000e+02
3.040000000000000000e+02
-3.100000000000000000e+01
1.850000000000000000e+02
2.670000000000000000e+02
-5.200000000000000000e+01
1.570000000000000000e+02
2.350000000000000000e+02
-7.300000000000000000e+01
1.330000000000000000e+02
2.090000000000000000e+02
-9.400000000000000000e+01
2.540000000000000000e+02
2.010000000000000000e+02
-1.700000000000000000e+01
2.490000000000000000e+02
1.500000000000000000e+02
-3.600000000000000000e+01
2.480000000000000000e+02
1.200000000000000000e+02
-5.600000000000000000e+01
2.500000000000000000e+02
9.500000000000000000e+01
-7.100000000000000000e+01
2.810000000000000000e+02
2.010000000000000000e+02
-2.100000000000000000e+01
2.850000000000000000e+02
1.440000000000000000e+02
-3.600000000000000000e+01
2.870000000000000000e+02
1.100000000000000000e+02
-5.200000000000000000e+01
2.900000000000000000e+02
8.300000000000000000e+01
-6.600000000000000000e+01
3.050000000000000000e+02
2.100000000000000000e+02
-3.100000000000000000e+01
3.130000000000000000e+02
1.560000000000000000e+02
-4.500000000000000000e+01
3.170000000000000000e+02
1.230000000000000000e+02
-5.700000000000000000e+01
3.200000000000000000e+02
9.600000000000000000e+01
-6.700000000000000000e+01
3.270000000000000000e+02
2.270000000000000000e+02
-4.400000000000000000e+01
3.420000000000000000e+02
1.860000000000000000e+02
-5.900000000000000000e+01
3.480000000000000000e+02
1.580000000000000000e+02
-6.600000000000000000e+01
3.530000000000000000e+02
1.320000000000000000e+02
-7.200000000000000000e+01
0.000000000000000000e+00
[192, 296, 0, 163, 270, -27, 157, 242, -40, 154, 226, -52, 149, 217, -67, 202, 197, -22, 220, 143, -35, 233, 110, -49, 242, 83, -58, 229, 204, -20, 253, 149, -28, 269, 112, -48, 281, 83, -64, 251, 218, -21, 275, 171, -28, 288, 139, -49, 298, 114, -65, 268, 235, -23, 291, 201, -30, 304, 178, -39, 313, 159, -46, 0]
[194, 321, 0, 152, 284, -65, 138, 237, -101, 134, 195, -128, 129, 154, -155, 221, 203, -70, 245, 151, -106, 261, 116, -135, 274, 88, -155, 249, 215, -59, 279, 160, -93, 298, 122, -120, 314, 92, -139, 269, 233, -55, 300, 183, -86, 317, 150, -107, 332, 122, -120, 284, 256, -57, 314, 219, -85, 330, 194, -100, 344, 171, -109, 0]
[202, 330, 0, 163, 288, -82, 151, 241, -125, 147, 198, -156, 143, 155, -186, 240, 206, -81, 266, 155, -117, 281, 121, -149, 294, 92, -172, 267, 219, -61, 299, 165, -93, 320, 127, -122, 337, 99, -144, 286, 238, -50, 320, 190, -78, 339, 159, -102, 355, 132, -120, 300, 259, -46, 332, 227, -72, 348, 203, -90, 362, 182, -103, 0]
[204, 341, 0, 171, 299, -54, 159, 247, -85, 157, 200, -110, 152, 161, -134, 251, 216, -58, 275, 163, -93, 290, 129, -121, 305, 102, -141, 277, 228, -53, 310, 172, -84, 329, 136, -106, 347, 108, -122, 296, 248, -54, 332, 200, -83, 351, 168, -98, 366, 143, -108, 309, 276, -60, 343, 240, -86, 361, 216, -96, 375, 195, -102, 0]
[206, 343, 0, 174, 300, -58, 163, 248, -90, 160, 202, -116, 156, 162, -142, 257, 219, -62, 282, 166, -99, 297, 133, -129, 312, 106, -151, 283, 231, -57, 317, 177, -90, 337, 141, -116, 354, 113, -135, 300, 252, -58, 338, 205, -89, 358, 173, -109, 374, 146, -123, 312, 279, -64, 347, 246, -92, 367, 222, -107, 384, 201, -117, 0]
[206, 346, 0, 177, 302, -55, 167, 252, -88, 162, 206, -116, 155, 167, -143, 260, 223, -60, 285, 170, -97, 302, 138, -126, 317, 112, -147, 285, 235, -56, 320, 182, -89, 342, 147, -112, 360, 121, -129, 303, 255, -59, 342, 209, -88, 363, 179, -105, 380, 155, -117, 315, 282, -66, 351, 250, -92, 372, 227, -104, 389, 207, -112, 0]
[211, 343, 0, 177, 301, -74, 166, 251, -113, 160, 208, -143, 154, 168, -173, 260, 225, -84, 287, 172, -122, 304, 139, -153, 320, 113, -175, 285, 237, -70, 323, 183, -103, 345, 148, -131, 364, 121, -153, 302, 257, -62, 343, 208, -92, 363, 177, -117, 381, 152, -137, 314, 281, -61, 351, 249, -88, 372, 226, -108, 390, 205, -123, 0]
[204, 344, 0, 174, 303, -46, 162, 253, -76, 158, 208, -102, 151, 170, -127, 257, 224, -55, 283, 170, -88, 299, 137, -115, 315, 111, -133, 283, 237, -54, 319, 182, -83, 341, 147, -104, 360, 120, -119, 301, 257, -58, 340, 210, -84, 361, 179, -100, 378, 155, -110, 312, 284, -67, 348, 251, -90, 368, 228, -100, 386, 207, -106, 0]
[207, 344, 0, 173, 304, -51, 160, 253, -82, 157, 207, -108, 148, 169, -134, 255, 223, -58, 280, 169, -93, 296, 136, -121, 312, 110, -140, 282, 233, -55, 317, 179, -86, 339, 144, -109, 357, 116, -126, 301, 252, -57, 339, 204, -85, 359, 174, -103, 376, 150, -115, 313, 277, -64, 349, 246, -88, 369, 223, -101, 387, 203, -108, 0]
[208, 343, 0, 173, 303, -52, 158, 252, -82, 153, 205, -106, 146, 167, -131, 255, 221, -60, 280, 166, -93, 296, 133, -121, 311, 106, -141, 283, 232, -55, 317, 178, -85, 338, 142, -108, 356, 115, -126, 301, 251, -57, 339, 205, -84, 359, 175, -103, 375, 150, -116, 313, 277, -63, 348, 246, -88, 369, 224, -102, 386, 203, -111, 0]
[205, 345, 0, 171, 303, -56, 157, 252, -88, 152, 206, -113, 146, 167, -139, 254, 221, -60, 277, 166, -95, 293, 133, -123, 309, 106, -144, 281, 232, -55, 315, 178, -86, 336, 142, -110, 354, 115, -127, 299, 251, -56, 337, 205, -83, 357, 174, -102, 374, 150, -115, 312, 276, -62, 347, 244, -87, 368, 221, -101, 385, 200, -110, 0]
[206, 343, 0, 171, 303, -51, 157, 253, -82, 152, 207, -107, 143, 169, -133, 253, 222, -62, 277, 166, -96, 293, 133, -124, 308, 105, -143, 279, 233, -59, 315, 176, -90, 335, 140, -112, 354, 112, -129, 298, 251, -61, 336, 202, -89, 357, 171, -107, 374, 145, -120, 310, 277, -68, 345, 242, -94, 366, 219, -107, 384, 199, -115, 0]
[204, 344, 0, 170, 304, -59, 156, 253, -95, 150, 207, -123, 142, 168, -152, 251, 222, -76, 275, 166, -114, 291, 131, -143, 307, 103, -164, 278, 234, -69, 313, 177, -103, 334, 140, -127, 353, 112, -144, 296, 253, -68, 334, 203, -98, 354, 171, -118, 371, 145, -132, 309, 278, -72, 344, 244, -99, 364, 220, -114, 382, 199, -125, 0]
[209, 339, 0, 171, 302, -69, 154, 252, -108, 148, 206, -138, 140, 165, -168, 249, 221, -89, 274, 165, -128, 289, 130, -158, 304, 101, -179, 278, 231, -77, 313, 175, -111, 333, 138, -136, 351, 110, -156, 297, 248, -70, 335, 200, -101, 355, 170, -123, 372, 144, -140, 311, 271, -70, 346, 239, -98, 366, 217, -116, 383, 197, -129, 0]
[210, 343, 0, 170, 302, -60, 155, 254, -95, 148, 208, -123, 138, 169, -150, 250, 222, -72, 273, 165, -106, 289, 129, -133, 304, 102, -152, 279, 232, -61, 311, 174, -91, 332, 137, -112, 349, 109, -127, 299, 250, -57, 334, 200, -82, 353, 168, -101, 368, 142, -114, 314, 273, -58, 347, 238, -81, 366, 216, -95, 383, 196, -104, 0]
[203, 340, 0, 166, 299, -63, 151, 252, -100, 145, 207, -128, 137, 167, -157, 248, 220, -73, 271, 164, -109, 287, 129, -138, 302, 101, -159, 276, 231, -64, 310, 175, -96, 329, 137, -121, 347, 108, -139, 295, 249, -61, 331, 200, -90, 351, 167, -111, 368, 140, -126, 308, 273, -64, 342, 240, -91, 361, 217, -107, 378, 196, -118, 0]
[208, 338, 0, 168, 298, -80, 152, 252, -125, 143, 208, -157, 134, 165, -190, 245, 220, -94, 270, 163, -129, 286, 128, -158, 302, 98, -180, 275, 232, -71, 308, 173, -101, 329, 135, -129, 346, 106, -152, 296, 250, -54, 332, 200, -77, 350, 167, -101, 366, 140, -122, 312, 270, -43, 346, 237, -64, 365, 215, -82, 382, 194, -98, 0]
[205, 339, 0, 163, 297, -72, 149, 250, -115, 143, 205, -147, 132, 163, -179, 243, 220, -99, 269, 162, -137, 284, 125, -166, 299, 95, -186, 272, 232, -83, 307, 172, -117, 328, 133, -143, 344, 104, -162, 292, 251, -72, 330, 199, -101, 349, 165, -125, 365, 138, -143, 307, 273, -68, 342, 238, -94, 361, 213, -113, 378, 192, -127, 0]
[205, 338, 0, 163, 298, -76, 146, 252, -119, 139, 207, -150, 129, 164, -182, 243, 219, -89, 267, 162, -121, 281, 126, -149, 296, 96, -169, 272, 230, -69, 304, 171, -98, 324, 132, -124, 342, 103, -146, 292, 248, -54, 326, 198, -77, 346, 165, -100, 363, 138, -120, 306, 268, -46, 340, 234, -67, 359, 211, -84, 376, 189, -99, 0]
[203, 340, 0, 164, 301, -71, 147, 252, -110, 140, 207, -141, 130, 165, -171, 244, 217, -82, 267, 160, -120, 282, 124, -150, 296, 95, -171, 272, 229, -69, 305, 170, -103, 325, 133, -128, 342, 104, -147, 292, 247, -63, 328, 198, -92, 347, 167, -113, 363, 141, -128, 306, 270, -63, 340, 236, -90, 359, 213, -105, 376, 193, -117, 0]
[205, 342, 0, 166, 305, -58, 149, 256, -92, 142, 208, -118, 131, 168, -143, 245, 221, -65, 267, 162, -98, 282, 126, -124, 296, 98, -143, 274, 229, -55, 306, 171, -83, 325, 133, -103, 343, 104, -118, 295, 246, -52, 329, 196, -76, 348, 165, -92, 364, 140, -103, 309, 268, -53, 342, 234, -75, 361, 212, -87, 377, 193, -94, 0]
[204, 345, 0, 165, 305, -66, 148, 257, -104, 140, 210, -133, 131, 170, -161, 245, 220, -71, 267, 163, -108, 281, 127, -139, 295, 98, -160, 273, 230, -60, 305, 173, -92, 323, 136, -117, 340, 106, -135, 293, 248, -56, 328, 198, -84, 346, 167, -104, 362, 141, -119, 307, 271, -59, 340, 238, -84, 359, 215, -99, 375, 194, -110, 0]
[199, 345, 0, 163, 306, -57, 147, 256, -91, 139, 209, -118, 130, 169, -145, 245, 220, -67, 267, 163, -102, 281, 128, -130, 294, 99, -149, 272, 231, -61, 306, 173, -92, 325, 136, -114, 341, 107, -131, 291, 250, -61, 327, 200, -88, 346, 168, -106, 362, 142, -119, 304, 274, -66, 339, 240, -92, 359, 216, -105, 375, 195, -114, 0]
[199, 345, 0, 162, 304, -76, 146, 256, -120, 138, 211, -153, 129, 169, -187, 242, 221, -89, 265, 164, -131, 279, 127, -164, 292, 97, -188, 269, 233, -76, 302, 174, -113, 322, 136, -143, 339, 106, -165, 288, 251, -69, 324, 201, -102, 343, 168, -128, 359, 141, -147, 303, 275, -69, 338, 241, -98, 358, 217, -118, 375, 194, -133, 0]
[201, 344, 0, 163, 306, -64, 145, 257, -101, 138, 210, -131, 129, 169, -160, 241, 221, -75, 262, 165, -113, 276, 129, -143, 288, 99, -165, 270, 231, -66, 303, 174, -101, 322, 136, -126, 339, 106, -146, 290, 248, -64, 326, 199, -95, 345, 167, -116, 361, 141, -132, 303, 272, -68, 337, 239, -96, 356, 215, -112, 372, 193, -123, 0]
[200, 346, 0, 160, 305, -56, 143, 257, -91, 134, 210, -118, 123, 170, -146, 239, 223, -67, 261, 164, -100, 276, 127, -126, 289, 98, -144, 269, 233, -59, 301, 173, -87, 320, 134, -108, 336, 105, -124, 290, 250, -56, 324, 197, -80, 343, 165, -98, 359, 139, -111, 305, 272, -59, 338, 236, -81, 357, 212, -94, 374, 190, -102, 0]
[203, 343, 0, 161, 306, -82, 141, 259, -127, 131, 214, -161, 119, 170, -195, 236, 220, -92, 258, 161, -130, 272, 125, -161, 285, 94, -183, 265, 230, -73, 296, 170, -107, 315, 131, -135, 332, 101, -157, 286, 246, -61, 319, 195, -89, 338, 162, -114, 353, 135, -134, 302, 266, -56, 335, 233, -81, 353, 209, -101, 370, 188, -117, 0]
[195, 344, 0, 156, 306, -71, 138, 260, -113, 127, 215, -145, 115, 173, -178, 235, 219, -81, 254, 161, -120, 268, 124, -151, 281, 94, -173, 263, 229, -70, 295, 170, -105, 313, 131, -131, 328, 101, -151, 283, 247, -65, 318, 195, -95, 335, 162, -117, 350, 135, -133, 298, 270, -66, 331, 234, -94, 351, 209, -110, 367, 187, -122, 0]
[202, 344, 0, 163, 309, -72, 140, 264, -114, 126, 219, -147, 111, 177, -179, 234, 217, -77, 251, 157, -114, 264, 121, -144, 277, 92, -165, 264, 225, -64, 292, 165, -96, 309, 127, -121, 325, 98, -140, 285, 240, -59, 316, 189, -86, 333, 158, -107, 347, 133, -122, 301, 261, -60, 331, 227, -84, 349, 204, -99, 364, 183, -111, 0]
[199, 344, 0, 162, 310, -63, 140, 266, -102, 125, 223, -135, 112, 184, -166, 232, 218, -72, 248, 160, -110, 260, 124, -140, 273, 95, -162, 261, 225, -65, 289, 165, -98, 306, 127, -122, 321, 97, -140, 282, 241, -64, 313, 187, -93, 330, 155, -111, 344, 129, -125, 298, 264, -69, 328, 227, -94, 346, 203, -107, 361, 182, -116, 0]
[201, 344, 0, 162, 310, -59, 139, 266, -97, 123, 221, -128, 107, 181, -158, 229, 223, -78, 246, 160, -112, 258, 121, -136, 270, 91, -153, 259, 230, -68, 286, 165, -95, 303, 125, -114, 319, 95, -128, 281, 244, -62, 311, 189, -84, 328, 155, -100, 343, 129, -112, 297, 264, -61, 327, 225, -81, 344, 201, -93, 359, 180, -100, 0]
[192, 342, 0, 158, 307, -52, 137, 263, -88, 121, 220, -120, 104, 182, -151, 227, 214, -62, 243, 155, -98, 254, 119, -127, 266, 90, -146, 255, 222, -59, 283, 162, -91, 300, 124, -114, 315, 94, -131, 275, 238, -63, 307, 186, -90, 324, 153, -107, 338, 125, -120, 290, 261, -71, 322, 225, -94, 341, 200, -105, 356, 178, -112, 0]
[193, 341, 0, 157, 306, -60, 136, 261, -98, 118, 218, -131, 99, 181, -163, 224, 212, -66, 238, 154, -104, 248, 117, -135, 259, 87, -157, 253, 218, -61, 279, 158, -94, 295, 119, -119, 309, 89, -138, 274, 233, -62, 304, 181, -90, 319, 149, -110, 331, 123, -124, 291, 257, -68, 321, 221, -93, 337, 197, -106, 351, 174, -115, 0]
[191, 343, 0, 154, 308, -59, 133, 262, -99, 116, 219, -132, 96, 181, -166, 221, 212, -74, 234, 152, -114, 243, 115, -146, 253, 84, -168, 249, 219, -70, 276, 158, -105, 291, 119, -131, 305, 87, -150, 270, 237, -72, 300, 182, -103, 314, 147, -124, 327, 119, -138, 287, 262, -80, 316, 223, -107, 333, 196, -120, 347, 171, -130, 0]
[193, 341, 0, 154, 307, -56, 129, 262, -93, 111, 219, -125, 91, 182, -157, 219, 207, -64, 231, 148, -101, 239, 111, -131, 249, 80, -153, 248, 214, -61, 273, 154, -93, 288, 117, -118, 302, 86, -137, 270, 231, -64, 298, 178, -92, 313, 145, -110, 325, 117, -124, 288, 255, -72, 316, 216, -96, 332, 191, -108, 346, 168, -116, 0]
[191, 331, 0, 154, 300, -56, 131, 258, -95, 111, 217, -128, 90, 182, -161, 218, 203, -69, 228, 143, -106, 237, 106, -135, 247, 75, -154, 248, 209, -65, 272, 147, -96, 286, 108, -118, 298, 77, -135, 270, 225, -66, 299, 170, -91, 312, 137, -108, 323, 109, -120, 288, 248, -72, 317, 209, -94, 332, 184, -104, 345, 161, -111, 0]
[195, 329, 0, 154, 295, -70, 131, 253, -114, 112, 212, -149, 89, 177, -186, 215, 198, -83, 225, 138, -124, 233, 100, -157, 242, 69, -180, 244, 205, -74, 267, 142, -110, 280, 102, -140, 292, 70, -161, 266, 220, -70, 294, 164, -102, 307, 130, -126, 317, 102, -144, 285, 243, -73, 313, 204, -99, 328, 177, -115, 340, 154, -127, 0]
[193, 323, 0, 150, 292, -66, 125, 251, -108, 106, 213, -143, 87, 179, -178, 212, 191, -75, 220, 131, -116, 226, 93, -148, 234, 61, -172, 241, 196, -69, 263, 133, -104, 276, 93, -133, 287, 60, -154, 264, 212, -68, 290, 156, -100, 302, 121, -123, 311, 92, -139, 283, 236, -75, 310, 195, -101, 325, 168, -116, 337, 143, -127, 0]
[196, 318, 0, 158, 290, -63, 132, 253, -104, 109, 222, -139, 84, 200, -175, 207, 187, -75, 213, 126, -116, 219, 88, -150, 226, 57, -173, 237, 191, -69, 257, 127, -106, 269, 87, -136, 281, 54, -157, 260, 205, -70, 285, 150, -102, 296, 115, -126, 306, 86, -142, 281, 228, -77, 306, 189, -101, 320, 162, -115, 331, 138, -125, 0]
[192, 318, 0, 148, 286, -64, 122, 246, -102, 103, 210, -133, 81, 179, -166, 202, 184, -70, 208, 123, -108, 214, 84, -140, 220, 52, -163, 232, 189, -64, 252, 124, -98, 265, 82, -128, 276, 49, -150, 256, 204, -64, 281, 148, -95, 293, 111, -122, 302, 80, -142, 276, 227, -70, 303, 187, -97, 316, 159, -115, 327, 133, -128, 0]
[196, 314, 0, 154, 286, -60, 128, 250, -99, 106, 220, -133, 84, 197, -168, 202, 181, -77, 207, 120, -119, 212, 82, -152, 218, 50, -175, 231, 186, -74, 251, 121, -111, 262, 81, -142, 272, 47, -164, 255, 201, -77, 280, 145, -110, 291, 109, -136, 300, 79, -155, 275, 223, -85, 302, 183, -112, 315, 155, -128, 326, 130, -139, 0]
[200, 310, 0, 155, 285, -76, 130, 255, -126, 113, 233, -169, 93, 216, -214, 200, 179, -99, 203, 117, -146, 207, 77, -184, 212, 44, -211, 231, 184, -92, 247, 116, -136, 257, 72, -174, 266, 35, -202, 256, 199, -91, 278, 139, -130, 287, 101, -164, 294, 69, -189, 279, 221, -97, 303, 178, -128, 315, 148, -149, 324, 122, -165, 0]
[206, 313, 0, 162, 293, -66, 132, 267, -116, 110, 254, -159, 88, 249, -205, 197, 181, -92, 194, 117, -139, 195, 77, -175, 197, 44, -200, 228, 180, -88, 240, 111, -129, 246, 66, -160, 253, 30, -183, 253, 192, -90, 272, 129, -124, 280, 91, -150, 285, 60, -168, 277, 213, -97, 298, 165, -124, 308, 135, -139, 315, 108, -149, 0]
[213, 311, 0, 165, 297, -85, 135, 272, -143, 113, 254, -190, 93, 239, -240, 193, 181, -116, 185, 117, -167, 181, 77, -207, 180, 43, -235, 224, 179, -102, 230, 109, -149, 233, 63, -187, 235, 24, -215, 251, 188, -95, 265, 125, -134, 268, 86, -167, 270, 56, -190, 276, 205, -95, 294, 158, -125, 300, 126, -146, 305, 99, -161, 0]
[219, 309, 0, 167, 296, -113, 132, 268, -178, 104, 246, -228, 78, 221, -281, 193, 181, -139, 180, 118, -190, 173, 76, -233, 170, 42, -265, 224, 180, -113, 225, 108, -161, 225, 62, -208, 226, 22, -245, 252, 189, -94, 260, 124, -135, 261, 83, -181, 261, 50, -216, 278, 203, -84, 292, 154, -118, 296, 121, -149, 299, 91, -176, 0]
[221, 318, 0, 175, 302, -80, 138, 273, -131, 110, 249, -172, 86, 226, -215, 194, 187, -109, 180, 123, -159, 173, 82, -197, 169, 47, -225, 224, 184, -97, 223, 112, -145, 221, 65, -184, 222, 25, -212, 252, 193, -92, 258, 129, -133, 259, 86, -169, 260, 50, -194, 278, 210, -93, 291, 161, -127, 294, 127, -150, 296, 97, -168, 0]
[225, 330, 0, 181, 316, -71, 147, 286, -117, 127, 262, -154, 111, 243, -191, 200, 195, -94, 186, 131, -142, 179, 89, -177, 176, 55, -202, 229, 190, -87, 228, 119, -128, 226, 74, -158, 227, 36, -179, 255, 198, -85, 261, 133, -121, 263, 92, -146, 264, 59, -164, 281, 215, -91, 294, 165, -120, 299, 133, -136, 302, 103, -147, 0]
[222, 334, 0, 178, 321, -94, 145, 288, -149, 118, 257, -190, 95, 229, -232, 203, 203, -121, 191, 139, -171, 184, 97, -210, 182, 61, -237, 233, 200, -101, 233, 128, -147, 232, 82, -184, 234, 43, -211, 259, 208, -88, 267, 143, -129, 269, 102, -162, 271, 68, -185, 285, 223, -83, 299, 174, -115, 305, 141, -138, 309, 112, -156, 0]
[229, 341, 0, 182, 326, -93, 146, 293, -147, 115, 262, -188, 89, 232, -231, 206, 207, -114, 194, 144, -163, 188, 103, -201, 186, 68, -229, 237, 205, -95, 237, 134, -140, 237, 89, -177, 238, 50, -204, 264, 214, -84, 273, 151, -122, 274, 110, -154, 277, 77, -178, 288, 231, -80, 301, 182, -112, 305, 149, -134, 309, 119, -152, 0]
[229, 342, 0, 182, 327, -91, 144, 293, -142, 112, 261, -180, 80, 230, -220, 206, 212, -112, 195, 149, -158, 190, 108, -194, 189, 73, -220, 237, 209, -93, 238, 139, -134, 239, 94, -168, 242, 57, -194, 264, 219, -81, 273, 156, -117, 275, 116, -147, 278, 83, -170, 289, 235, -76, 303, 187, -108, 308, 155, -129, 312, 126, -147, 0]
[220, 348, 0, 177, 329, -75, 142, 294, -122, 111, 259, -160, 81, 229, -197, 206, 213, -97, 194, 149, -144, 190, 109, -179, 190, 74, -204, 236, 211, -87, 237, 142, -129, 237, 97, -159, 240, 60, -181, 263, 222, -82, 272, 159, -120, 275, 118, -145, 278, 85, -163, 289, 241, -85, 303, 193, -117, 308, 160, -135, 312, 130, -148, 0]
[226, 351, 0, 183, 334, -72, 145, 299, -119, 114, 268, -156, 84, 242, -196, 206, 215, -98, 195, 152, -146, 190, 112, -183, 188, 78, -208, 237, 212, -90, 239, 143, -134, 239, 99, -167, 241, 61, -191, 263, 223, -88, 273, 160, -126, 276, 119, -154, 278, 86, -174, 289, 243, -92, 302, 195, -124, 307, 161, -143, 311, 131, -156, 0]
[221, 350, 0, 177, 332, -80, 141, 298, -129, 108, 265, -168, 77, 238, -208, 204, 216, -101, 193, 152, -147, 189, 111, -182, 188, 78, -206, 235, 213, -87, 237, 143, -129, 237, 98, -159, 239, 61, -181, 262, 223, -80, 272, 159, -116, 274, 119, -142, 276, 87, -160, 287, 240, -80, 301, 192, -110, 306, 160, -128, 310, 132, -140, 0]
[220, 352, 0, 176, 334, -62, 139, 297, -103, 107, 264, -136, 77, 237, -171, 204, 215, -80, 193, 152, -122, 188, 112, -155, 187, 79, -178, 234, 212, -75, 237, 143, -113, 237, 99, -141, 239, 62, -161, 261, 222, -77, 271, 158, -109, 273, 119, -131, 275, 86, -147, 287, 241, -84, 299, 192, -111, 305, 160, -126, 309, 132, -136, 0]
[221, 349, 0, 176, 334, -77, 140, 299, -123, 106, 268, -160, 76, 241, -198, 204, 215, -93, 193, 152, -137, 188, 112, -171, 187, 78, -195, 233, 211, -80, 236, 141, -118, 237, 98, -148, 239, 60, -171, 259, 219, -74, 269, 156, -107, 272, 117, -133, 274, 84, -152, 283, 235, -75, 297, 187, -102, 303, 156, -119, 308, 127, -132, 0]
[217, 346, 0, 174, 330, -77, 141, 298, -126, 114, 270, -165, 89, 249, -206, 201, 212, -102, 190, 149, -149, 186, 109, -185, 186, 76, -211, 230, 210, -91, 234, 140, -133, 235, 96, -165, 237, 60, -189, 257, 219, -87, 268, 156, -122, 271, 116, -151, 273, 84, -171, 282, 238, -89, 298, 189, -118, 304, 157, -138, 309, 128, -152, 0]
[220, 347, 0, 177, 332, -84, 144, 301, -136, 121, 274, -177, 101, 253, -219, 203, 215, -110, 191, 151, -159, 185, 110, -195, 183, 76, -220, 233, 212, -96, 235, 141, -140, 235, 96, -173, 237, 58, -197, 259, 220, -89, 269, 156, -126, 272, 116, -155, 276, 84, -175, 284, 237, -88, 298, 189, -118, 304, 157, -137, 309, 130, -151, 0]
[220, 344, 0, 176, 331, -104, 146, 302, -166, 125, 278, -215, 106, 259, -265, 200, 213, -133, 190, 150, -186, 185, 109, -226, 182, 75, -255, 232, 212, -111, 233, 141, -159, 234, 96, -199, 237, 57, -229, 260, 221, -95, 269, 157, -136, 271, 116, -171, 274, 83, -197, 286, 237, -88, 299, 189, -120, 303, 156, -144, 307, 128, -163, 0]
[216, 337, 0, 170, 326, -111, 143, 300, -177, 131, 279, -227, 125, 260, -279, 200, 211, -145, 190, 148, -196, 184, 107, -234, 182, 74, -262, 232, 210, -117, 235, 139, -163, 236, 94, -203, 238, 55, -233, 259, 219, -94, 269, 155, -133, 272, 114, -169, 274, 82, -196, 282, 233, -80, 298, 186, -111, 304, 153, -136, 308, 125, -156, 0]
[218, 338, 0, 169, 326, -119, 138, 295, -185, 113, 269, -234, 87, 243, -285, 201, 212, -144, 191, 150, -194, 186, 109, -234, 184, 75, -263, 232, 212, -111, 235, 141, -157, 236, 95, -199, 238, 56, -231, 260, 221, -86, 269, 158, -124, 270, 117, -164, 272, 84, -194, 286, 234, -70, 301, 187, -101, 305, 154, -129, 309, 126, -152, 0]
[220, 347, 0, 174, 330, -71, 138, 297, -117, 106, 269, -155, 77, 246, -194, 200, 212, -92, 191, 149, -136, 187, 109, -171, 185, 76, -195, 231, 210, -83, 233, 141, -124, 234, 96, -156, 236, 58, -180, 258, 220, -80, 268, 157, -115, 271, 117, -143, 273, 84, -162, 283, 239, -83, 298, 190, -112, 303, 158, -129, 306, 128, -142, 0]
[221, 342, 0, 175, 330, -101, 141, 299, -160, 113, 272, -204, 87, 247, -250, 200, 211, -130, 189, 149, -180, 185, 108, -218, 184, 74, -245, 231, 210, -107, 232, 139, -152, 233, 94, -189, 235, 58, -217, 258, 219, -91, 267, 156, -129, 268, 115, -164, 269, 83, -190, 284, 235, -83, 298, 187, -115, 303, 155, -140, 307, 127, -159, 0]
[216, 343, 0, 170, 330, -116, 139, 299, -181, 110, 273, -228, 82, 248, -278, 199, 213, -136, 189, 151, -183, 185, 108, -222, 183, 75, -251, 230, 212, -103, 232, 142, -145, 233, 96, -184, 235, 58, -214, 258, 221, -78, 267, 158, -113, 269, 116, -149, 270, 83, -176, 282, 234, -63, 298, 187, -90, 302, 155, -114, 306, 127, -135, 0]
[218, 340, 0, 171, 324, -85, 136, 291, -137, 106, 260, -177, 77, 231, -218, 201, 212, -112, 190, 148, -157, 185, 107, -192, 184, 73, -217, 233, 210, -95, 235, 139, -137, 235, 93, -170, 237, 56, -195, 260, 220, -84, 269, 155, -120, 271, 114, -150, 273, 82, -172, 284, 237, -80, 298, 188, -110, 303, 156, -130, 307, 129, -146, 0]
[225, 346, 0, 175, 327, -79, 137, 291, -127, 104, 258, -164, 72, 230, -204, 201, 213, -106, 190, 149, -148, 185, 109, -181, 183, 75, -205, 234, 212, -90, 234, 140, -129, 235, 95, -160, 236, 58, -183, 262, 222, -81, 270, 157, -113, 271, 116, -141, 272, 83, -162, 288, 239, -77, 300, 188, -105, 303, 155, -124, 306, 127, -139, 0]
[222, 340, 0, 173, 326, -100, 138, 294, -157, 107, 264, -199, 77, 236, -243, 199, 212, -126, 189, 149, -175, 184, 107, -214, 183, 73, -242, 230, 211, -102, 232, 140, -147, 233, 94, -184, 234, 57, -213, 257, 219, -86, 265, 156, -123, 266, 115, -158, 266, 82, -184, 283, 233, -77, 297, 185, -108, 301, 152, -133, 305, 123, -153, 0]
[223, 333, 0, 175, 326, -108, 143, 300, -172, 124, 280, -220, 111, 263, -271, 199, 211, -139, 188, 149, -192, 183, 108, -234, 182, 74, -264, 230, 209, -115, 232, 139, -163, 233, 94, -204, 234, 56, -235, 257, 217, -98, 265, 155, -138, 266, 114, -176, 268, 81, -204, 282, 232, -89, 296, 184, -121, 301, 151, -147, 305, 122, -169, 0]
[217, 340, 0, 170, 323, -75, 136, 289, -122, 108, 259, -159, 80, 232, -198, 200, 210, -105, 190, 148, -152, 185, 107, -188, 182, 73, -213, 230, 209, -95, 233, 139, -140, 233, 94, -175, 236, 56, -200, 257, 220, -91, 267, 156, -130, 269, 114, -161, 271, 80, -183, 282, 238, -92, 297, 189, -125, 303, 155, -147, 307, 125, -162, 0]
[220, 340, 0, 175, 327, -92, 141, 297, -148, 114, 271, -191, 90, 247, -236, 201, 214, -125, 190, 151, -176, 185, 109, -215, 183, 74, -242, 232, 212, -107, 233, 141, -154, 234, 95, -191, 235, 56, -219, 259, 221, -95, 267, 157, -135, 268, 115, -168, 270, 81, -192, 284, 237, -90, 298, 188, -122, 302, 155, -145, 306, 126, -163, 0]
[220, 339, 0, 170, 327, -108, 135, 296, -171, 102, 266, -217, 70, 234, -265, 202, 213, -141, 191, 148, -189, 186, 107, -226, 184, 72, -253, 234, 211, -111, 235, 138, -155, 235, 92, -191, 236, 54, -219, 262, 220, -87, 270, 155, -122, 271, 113, -154, 272, 80, -179, 286, 234, -71, 300, 185, -100, 304, 153, -122, 308, 126, -141, 0]
[222, 338, 0, 176, 324, -97, 141, 291, -153, 111, 262, -195, 82, 235, -240, 201, 210, -123, 191, 148, -173, 186, 106, -212, 185, 72, -240, 232, 209, -102, 234, 139, -148, 235, 94, -185, 237, 56, -214, 259, 219, -88, 268, 155, -127, 269, 114, -162, 271, 80, -187, 285, 235, -82, 299, 188, -115, 304, 155, -139, 309, 125, -158, 0]
[220, 341, 0, 172, 326, -98, 141, 295, -154, 118, 268, -196, 97, 245, -240, 203, 211, -119, 193, 149, -167, 189, 107, -205, 188, 73, -232, 233, 210, -98, 236, 140, -141, 236, 94, -177, 238, 56, -205, 259, 220, -84, 269, 156, -122, 271, 114, -156, 273, 80, -181, 285, 237, -78, 301, 189, -110, 306, 155, -134, 310, 125, -153, 0]
[219, 342, 0, 177, 328, -73, 142, 297, -121, 115, 269, -159, 90, 246, -198, 206, 213, -101, 195, 149, -147, 190, 109, -182, 189, 74, -205, 235, 210, -91, 239, 140, -133, 240, 95, -163, 243, 57, -184, 261, 221, -88, 272, 156, -123, 275, 116, -148, 278, 82, -164, 285, 239, -90, 300, 190, -119, 306, 158, -135, 311, 130, -146, 0]
[225, 342, 0, 180, 327, -78, 142, 293, -127, 110, 260, -166, 81, 231, -205, 206, 212, -104, 196, 148, -152, 191, 107, -187, 190, 73, -213, 237, 209, -93, 240, 139, -136, 241, 94, -168, 243, 56, -192, 264, 220, -87, 274, 156, -124, 277, 116, -152, 279, 82, -172, 288, 238, -88, 303, 190, -120, 308, 158, -139, 312, 129, -153, 0]
[223, 339, 0, 180, 323, -80, 145, 289, -129, 113, 257, -167, 83, 231, -207, 208, 206, -99, 197, 144, -145, 194, 105, -181, 194, 72, -205, 238, 203, -86, 241, 135, -127, 241, 92, -157, 244, 56, -179, 264, 213, -80, 274, 150, -116, 276, 111, -143, 278, 79, -161, 290, 232, -81, 305, 185, -112, 311, 154, -131, 317, 125, -145, 0]
[226, 343, 0, 182, 327, -89, 149, 292, -142, 121, 261, -183, 95, 234, -226, 208, 210, -112, 199, 147, -162, 195, 105, -200, 195, 71, -226, 238, 209, -96, 241, 139, -140, 243, 94, -175, 247, 56, -201, 265, 220, -86, 275, 157, -125, 278, 116, -156, 281, 83, -177, 290, 238, -84, 305, 190, -116, 311, 156, -138, 315, 126, -154, 0]
[229, 335, 0, 183, 324, -101, 147, 290, -158, 118, 258, -201, 90, 226, -245, 209, 208, -135, 200, 146, -187, 196, 104, -227, 196, 70, -255, 241, 207, -113, 243, 137, -161, 245, 91, -200, 248, 53, -229, 268, 218, -96, 278, 155, -138, 280, 114, -174, 282, 79, -200, 293, 235, -87, 308, 188, -123, 313, 155, -149, 317, 125, -169, 0]
[231, 342, 0, 187, 323, -58, 150, 286, -96, 122, 251, -127, 94, 223, -158, 215, 207, -76, 206, 144, -117, 203, 105, -149, 203, 72, -170, 244, 204, -72, 248, 136, -110, 249, 92, -136, 252, 56, -154, 270, 214, -75, 281, 153, -107, 285, 113, -128, 287, 81, -143, 295, 233, -82, 311, 185, -110, 317, 153, -124, 322, 125, -133, 0]
[239, 340, 0, 192, 321, -65, 155, 286, -106, 125, 250, -140, 96, 223, -174, 222, 208, -84, 212, 144, -127, 209, 104, -160, 209, 70, -183, 251, 206, -77, 255, 136, -115, 257, 92, -142, 261, 56, -162, 277, 216, -77, 288, 153, -109, 292, 113, -131, 296, 81, -147, 302, 235, -82, 317, 186, -109, 324, 154, -124, 330, 126, -135, 0]
[241, 338, 0, 197, 320, -58, 160, 285, -96, 130, 251, -129, 101, 226, -162, 226, 204, -73, 217, 142, -114, 214, 103, -147, 215, 70, -169, 255, 203, -70, 260, 134, -105, 262, 91, -131, 266, 55, -150, 280, 213, -73, 292, 152, -103, 297, 113, -123, 301, 81, -137, 305, 233, -81, 320, 186, -107, 327, 154, -120, 333, 126, -128, 0]
[246, 336, 0, 201, 318, -61, 164, 284, -101, 135, 250, -134, 106, 225, -168, 231, 202, -74, 223, 140, -114, 220, 102, -146, 221, 69, -168, 260, 200, -69, 265, 132, -103, 267, 89, -128, 271, 55, -147, 286, 211, -70, 296, 149, -99, 300, 110, -119, 304, 78, -133, 311, 229, -77, 325, 182, -102, 332, 151, -115, 338, 123, -124, 0]
[254, 339, 0, 209, 318, -62, 172, 283, -103, 143, 248, -137, 112, 223, -171, 238, 205, -78, 230, 141, -120, 227, 101, -152, 228, 68, -174, 268, 203, -72, 271, 133, -108, 274, 89, -133, 278, 54, -151, 294, 214, -72, 303, 150, -103, 307, 110, -122, 311, 79, -135, 319, 232, -78, 332, 183, -104, 339, 152, -116, 343, 124, -124, 0]
[260, 339, 0, 214, 319, -58, 175, 283, -94, 145, 247, -124, 115, 220, -155, 241, 202, -66, 235, 140, -103, 232, 102, -134, 233, 69, -155, 271, 200, -61, 276, 132, -93, 279, 90, -116, 283, 55, -134, 298, 210, -63, 309, 148, -90, 314, 111, -108, 318, 80, -120, 322, 228, -70, 336, 181, -93, 343, 151, -104, 348, 124, -112, 0]
[262, 342, 0, 216, 320, -60, 179, 283, -98, 150, 246, -129, 119, 220, -160, 244, 207, -75, 237, 143, -116, 235, 104, -148, 236, 71, -170, 273, 204, -70, 278, 135, -105, 281, 92, -130, 286, 56, -148, 300, 214, -70, 311, 152, -101, 316, 113, -120, 321, 81, -133, 325, 232, -77, 339, 184, -103, 347, 153, -115, 352, 125, -123, 0]
[260, 340, 0, 217, 319, -58, 182, 282, -96, 152, 247, -127, 121, 221, -159, 246, 204, -71, 239, 142, -111, 237, 104, -142, 240, 72, -163, 277, 202, -67, 281, 134, -100, 284, 93, -124, 289, 58, -142, 304, 213, -68, 315, 152, -97, 320, 114, -114, 324, 83, -126, 329, 233, -75, 343, 186, -100, 351, 155, -110, 356, 128, -117, 0]
[262, 340, 0, 217, 319, -60, 181, 283, -99, 152, 248, -130, 123, 220, -163, 249, 207, -74, 242, 144, -115, 241, 106, -147, 243, 73, -169, 278, 205, -69, 283, 137, -105, 285, 95, -131, 290, 59, -150, 303, 215, -69, 316, 153, -100, 321, 115, -120, 326, 83, -134, 327, 234, -75, 342, 186, -101, 348, 155, -114, 354, 127, -123, 0]
[267, 339, 0, 220, 318, -52, 181, 281, -86, 150, 247, -115, 122, 220, -144, 248, 204, -63, 242, 142, -99, 240, 104, -129, 242, 72, -149, 277, 202, -61, 282, 135, -93, 285, 93, -117, 290, 59, -135, 302, 212, -65, 314, 151, -92, 319, 113, -111, 324, 82, -125, 326, 230, -73, 341, 184, -97, 348, 154, -109, 354, 126, -117, 0]
[267, 338, 0, 220, 317, -55, 182, 282, -90, 153, 246, -118, 124, 219, -147, 248, 203, -63, 241, 142, -101, 239, 104, -131, 242, 71, -152, 278, 200, -60, 282, 134, -92, 285, 93, -115, 291, 59, -133, 304, 210, -63, 315, 150, -91, 321, 113, -108, 326, 82, -120, 329, 230, -72, 343, 184, -96, 350, 154, -107, 356, 127, -114, 0]
[267, 339, 0, 221, 320, -55, 181, 284, -90, 150, 249, -119, 122, 221, -147, 248, 204, -65, 240, 142, -103, 239, 104, -133, 241, 72, -153, 277, 201, -61, 282, 134, -93, 285, 93, -117, 291, 59, -134, 303, 210, -63, 314, 149, -90, 319, 112, -108, 324, 81, -122, 328, 228, -71, 342, 182, -94, 349, 152, -105, 355, 126, -113, 0]
[264, 337, 0, 220, 318, -65, 184, 282, -105, 153, 248, -138, 124, 220, -170, 247, 202, -77, 240, 140, -120, 239, 102, -153, 241, 70, -176, 276, 200, -70, 280, 133, -106, 284, 91, -133, 290, 57, -152, 302, 209, -69, 314, 150, -101, 320, 112, -121, 325, 82, -135, 327, 228, -75, 342, 182, -101, 349, 152, -114, 354, 126, -123, 0]
[264, 336, 0, 219, 317, -59, 182, 281, -96, 152, 247, -126, 123, 221, -157, 246, 202, -69, 240, 140, -108, 238, 102, -138, 241, 71, -159, 275, 199, -63, 281, 132, -95, 284, 91, -120, 290, 57, -138, 301, 209, -64, 313, 148, -91, 319, 111, -110, 324, 81, -123, 325, 227, -70, 340, 181, -93, 347, 152, -104, 352, 126, -112, 0]
[266, 338, 0, 219, 318, -59, 182, 283, -97, 152, 248, -129, 122, 220, -161, 247, 204, -69, 241, 142, -110, 240, 103, -142, 243, 70, -164, 277, 202, -65, 282, 134, -99, 285, 92, -125, 291, 57, -145, 303, 211, -66, 315, 151, -96, 320, 113, -116, 325, 82, -131, 328, 229, -74, 344, 183, -100, 350, 153, -113, 355, 126, -122, 0]
[270, 338, 0, 222, 318, -55, 183, 283, -90, 152, 248, -120, 123, 221, -150, 248, 206, -67, 242, 142, -105, 240, 104, -136, 243, 71, -156, 278, 203, -64, 282, 135, -96, 286, 93, -120, 292, 59, -138, 304, 213, -67, 316, 151, -95, 322, 114, -113, 327, 83, -126, 329, 231, -75, 343, 184, -99, 351, 153, -111, 356, 126, -119, 0]
[267, 336, 0, 222, 316, -55, 185, 281, -91, 153, 247, -121, 124, 221, -151, 249, 204, -68, 242, 142, -107, 240, 104, -138, 242, 72, -158, 279, 201, -64, 283, 135, -97, 286, 93, -120, 292, 60, -138, 305, 211, -66, 318, 151, -94, 324, 114, -111, 329, 84, -123, 330, 230, -74, 345, 184, -97, 353, 154, -108, 358, 127, -114, 0]
[268, 335, 0, 221, 316, -56, 184, 281, -91, 155, 247, -120, 126, 220, -150, 250, 205, -68, 243, 143, -107, 242, 105, -137, 243, 72, -158, 279, 202, -65, 284, 136, -98, 287, 94, -122, 293, 60, -140, 305, 211, -67, 315, 151, -96, 320, 113, -114, 326, 82, -128, 329, 230, -74, 344, 184, -99, 351, 154, -111, 357, 127, -119, 0]
[267, 337, 0, 221, 318, -60, 186, 283, -98, 156, 248, -129, 127, 221, -160, 249, 205, -70, 244, 143, -110, 242, 105, -142, 244, 72, -164, 279, 202, -64, 283, 136, -98, 287, 95, -124, 293, 60, -142, 305, 211, -64, 316, 152, -94, 321, 115, -113, 327, 84, -126, 330, 230, -70, 344, 184, -96, 351, 155, -107, 357, 128, -115, 0]
[267, 340, 0, 221, 319, -56, 184, 283, -90, 155, 248, -119, 126, 222, -147, 250, 207, -64, 243, 145, -101, 242, 106, -130, 244, 74, -150, 279, 204, -59, 283, 137, -91, 287, 96, -114, 293, 62, -130, 304, 212, -60, 316, 152, -88, 321, 114, -105, 327, 83, -117, 328, 230, -66, 343, 184, -89, 351, 154, -100, 358, 127, -107, 0]
[264, 338, 0, 219, 318, -62, 183, 283, -100, 154, 248, -131, 125, 222, -163, 249, 207, -73, 243, 145, -114, 241, 106, -145, 244, 73, -167, 278, 204, -66, 284, 137, -100, 287, 95, -126, 294, 61, -144, 305, 213, -65, 316, 153, -95, 322, 115, -114, 327, 84, -128, 330, 232, -71, 345, 185, -95, 353, 156, -108, 359, 129, -116, 0]
[267, 339, 0, 219, 318, -56, 183, 283, -91, 155, 248, -121, 126, 221, -151, 248, 206, -63, 243, 145, -100, 243, 107, -130, 245, 75, -152, 277, 204, -59, 283, 137, -91, 286, 96, -116, 292, 62, -135, 303, 214, -61, 314, 152, -89, 319, 113, -109, 324, 83, -123, 328, 232, -69, 343, 185, -93, 350, 154, -106, 355, 127, -115, 0]
[267, 337, 0, 221, 318, -57, 183, 283, -92, 153, 249, -121, 124, 223, -150, 249, 205, -62, 242, 143, -99, 241, 105, -129, 244, 74, -150, 278, 203, -57, 283, 136, -88, 287, 95, -112, 293, 62, -129, 305, 212, -59, 317, 152, -85, 323, 116, -103, 328, 86, -117, 329, 231, -66, 344, 185, -89, 351, 156, -101, 357, 129, -109, 0]
[268, 337, 0, 219, 318, -62, 183, 284, -98, 153, 249, -127, 124, 222, -156, 248, 207, -66, 241, 146, -103, 240, 108, -133, 243, 75, -154, 278, 204, -58, 282, 137, -89, 285, 96, -114, 292, 62, -132, 304, 213, -57, 316, 153, -85, 321, 116, -105, 327, 85, -119, 328, 231, -62, 343, 185, -86, 351, 155, -100, 357, 128, -109, 0]
[266, 340, 0, 218, 318, -72, 184, 284, -113, 154, 251, -145, 125, 222, -178, 249, 209, -79, 243, 146, -116, 241, 107, -147, 244, 74, -169, 279, 207, -64, 282, 138, -96, 286, 95, -123, 292, 61, -143, 305, 217, -57, 316, 155, -84, 320, 117, -106, 325, 86, -123, 330, 232, -56, 344, 185, -79, 350, 154, -94, 356, 127, -105, 0]
[268, 340, 0, 221, 320, -60, 184, 284, -97, 154, 249, -126, 125, 223, -156, 249, 209, -71, 242, 147, -110, 241, 108, -140, 242, 76, -160, 278, 206, -64, 283, 138, -98, 285, 96, -122, 290, 62, -139, 305, 214, -63, 315, 154, -93, 320, 116, -112, 324, 86, -125, 329, 232, -68, 342, 185, -93, 349, 155, -106, 355, 128, -113, 0]
[266, 341, 0, 220, 320, -61, 183, 285, -97, 154, 250, -127, 125, 222, -157, 248, 207, -67, 241, 145, -105, 240, 107, -135, 243, 75, -157, 277, 205, -60, 282, 139, -93, 285, 97, -119, 292, 63, -138, 303, 215, -61, 314, 155, -90, 320, 117, -110, 325, 86, -124, 328, 233, -67, 342, 187, -92, 349, 156, -105, 356, 129, -114, 0]
[263, 342, 0, 218, 321, -63, 183, 285, -102, 153, 251, -134, 123, 224, -166, 248, 208, -76, 242, 146, -117, 240, 107, -149, 242, 75, -171, 278, 206, -69, 282, 138, -105, 286, 96, -130, 292, 62, -149, 304, 216, -69, 316, 155, -100, 321, 117, -120, 326, 86, -134, 329, 236, -75, 343, 189, -101, 351, 158, -114, 357, 131, -123, 0]
[263, 345, 0, 219, 323, -55, 183, 286, -90, 153, 251, -120, 124, 225, -150, 248, 209, -67, 242, 147, -106, 241, 108, -136, 243, 76, -158, 277, 207, -64, 282, 140, -98, 286, 97, -123, 291, 63, -141, 302, 217, -67, 315, 156, -97, 320, 118, -116, 326, 87, -129, 326, 237, -76, 341, 190, -101, 349, 160, -113, 355, 132, -121, 0]
[266, 345, 0, 219, 324, -53, 182, 287, -87, 152, 252, -116, 123, 226, -146, 247, 211, -62, 241, 147, -100, 240, 109, -129, 243, 77, -149, 276, 208, -60, 282, 140, -92, 286, 98, -115, 292, 64, -131, 302, 218, -64, 315, 157, -91, 321, 118, -109, 327, 87, -120, 327, 236, -73, 342, 189, -96, 350, 159, -106, 356, 132, -112, 0]
[266, 345, 0, 219, 324, -59, 182, 288, -96, 152, 253, -126, 123, 226, -156, 247, 210, -69, 241, 148, -108, 239, 109, -140, 241, 77, -162, 276, 208, -64, 280, 140, -97, 284, 98, -123, 290, 64, -142, 302, 217, -64, 314, 157, -94, 319, 119, -114, 325, 89, -129, 326, 235, -71, 341, 190, -96, 349, 159, -110, 355, 132, -119, 0]
[265, 345, 0, 220, 325, -63, 183, 289, -102, 153, 253, -134, 123, 225, -167, 247, 212, -79, 241, 149, -121, 239, 110, -154, 242, 77, -176, 277, 210, -72, 281, 142, -110, 285, 100, -136, 291, 64, -155, 303, 220, -72, 314, 159, -105, 320, 121, -125, 326, 90, -138, 327, 238, -78, 342, 191, -105, 349, 160, -118, 355, 131, -127, 0]
[267, 345, 0, 220, 326, -60, 182, 290, -98, 153, 254, -129, 124, 226, -160, 247, 212, -74, 241, 150, -114, 239, 111, -146, 241, 79, -167, 277, 210, -69, 282, 142, -104, 286, 100, -129, 292, 66, -148, 303, 219, -70, 314, 158, -101, 320, 120, -120, 325, 89, -133, 328, 238, -76, 343, 192, -103, 350, 161, -115, 357, 134, -124, 0]
[263, 345, 0, 219, 324, -58, 184, 289, -96, 154, 253, -127, 125, 227, -158, 248, 211, -71, 241, 149, -111, 239, 110, -142, 241, 78, -163, 277, 209, -67, 281, 141, -101, 285, 100, -126, 291, 66, -143, 302, 219, -68, 314, 159, -99, 320, 121, -116, 325, 91, -128, 327, 239, -76, 342, 193, -101, 350, 162, -113, 356, 135, -120, 0]
[265, 343, 0, 220, 325, -58, 184, 289, -95, 155, 254, -125, 126, 227, -155, 248, 211, -70, 243, 149, -109, 241, 111, -138, 244, 79, -159, 278, 208, -65, 283, 141, -98, 286, 100, -121, 292, 66, -137, 304, 218, -66, 316, 157, -95, 322, 120, -112, 327, 90, -123, 328, 236, -73, 343, 190, -97, 351, 161, -108, 357, 135, -114, 0]
[267, 345, 0, 220, 325, -62, 185, 289, -101, 156, 253, -133, 127, 226, -165, 249, 214, -74, 244, 152, -116, 243, 113, -147, 246, 80, -169, 279, 212, -68, 284, 145, -104, 288, 102, -130, 295, 67, -148, 305, 221, -69, 316, 161, -101, 322, 123, -121, 328, 92, -134, 329, 239, -75, 344, 193, -102, 352, 163, -115, 358, 135, -124, 0]
[266, 344, 0, 222, 324, -50, 185, 288, -83, 156, 254, -112, 129, 228, -141, 250, 211, -63, 243, 149, -100, 242, 111, -129, 245, 80, -149, 279, 209, -61, 284, 142, -93, 287, 101, -116, 294, 68, -132, 305, 219, -65, 317, 159, -93, 323, 122, -109, 328, 92, -120, 330, 239, -74, 345, 193, -97, 353, 164, -106, 360, 137, -112, 0]
[265, 343, 0, 221, 323, -54, 185, 287, -89, 156, 252, -118, 128, 226, -147, 250, 212, -68, 244, 150, -106, 243, 112, -136, 245, 80, -156, 278, 209, -65, 282, 143, -98, 286, 101, -122, 292, 67, -139, 303, 219, -67, 315, 159, -96, 321, 122, -114, 326, 91, -127, 326, 237, -74, 341, 191, -98, 349, 161, -110, 355, 134, -118, 0]
[263, 342, 0, 220, 321, -59, 184, 286, -97, 154, 251, -127, 126, 224, -158, 250, 209, -70, 243, 148, -109, 242, 110, -140, 244, 78, -161, 278, 207, -64, 284, 140, -98, 288, 99, -123, 293, 65, -141, 304, 216, -64, 315, 156, -93, 321, 119, -112, 326, 88, -126, 328, 235, -70, 343, 189, -95, 350, 159, -107, 356, 133, -115, 0]
[262, 336, 0, 220, 318, -57, 184, 284, -95, 153, 250, -126, 124, 223, -158, 249, 204, -70, 243, 143, -109, 241, 106, -139, 243, 74, -160, 278, 201, -66, 282, 135, -99, 285, 95, -124, 291, 61, -143, 303, 212, -67, 314, 153, -96, 320, 117, -114, 325, 87, -128, 325, 231, -74, 340, 186, -98, 347, 157, -110, 353, 131, -118, 0]
[264, 337, 0, 220, 317, -60, 184, 281, -97, 155, 246, -128, 125, 220, -160, 248, 205, -71, 241, 144, -111, 239, 105, -142, 241, 73, -164, 277, 203, -66, 281, 137, -101, 284, 96, -128, 290, 61, -148, 303, 213, -67, 314, 153, -97, 319, 116, -118, 324, 85, -134, 328, 231, -73, 342, 185, -98, 349, 155, -112, 355, 128, -121, 0]
[268, 334, 0, 221, 316, -49, 182, 280, -80, 152, 246, -107, 125, 221, -134, 247, 203, -57, 241, 141, -90, 239, 104, -117, 240, 73, -136, 276, 199, -55, 282, 132, -83, 285, 90, -105, 289, 57, -121, 302, 208, -58, 314, 148, -82, 319, 111, -100, 323, 81, -112, 326, 226, -66, 341, 181, -88, 349, 152, -98, 355, 126, -105, 0]
[265, 337, 0, 221, 316, -57, 184, 281, -93, 154, 246, -123, 125, 220, -153, 246, 204, -70, 239, 143, -110, 237, 104, -141, 239, 72, -162, 275, 201, -66, 280, 135, -100, 284, 94, -124, 290, 59, -141, 302, 210, -68, 313, 150, -97, 319, 113, -115, 324, 82, -127, 326, 228, -75, 341, 182, -100, 349, 153, -111, 355, 126, -117, 0]
[262, 335, 0, 218, 315, -61, 182, 280, -100, 153, 245, -132, 124, 218, -164, 247, 203, -76, 241, 142, -117, 239, 104, -149, 241, 71, -171, 276, 200, -70, 281, 134, -105, 284, 93, -131, 289, 58, -150, 302, 211, -70, 314, 151, -100, 319, 113, -119, 324, 82, -133, 326, 230, -75, 341, 184, -101, 349, 154, -113, 355, 127, -122, 0]
[267, 334, 0, 220, 315, -60, 183, 279, -98, 153, 245, -128, 124, 219, -159, 247, 202, -71, 241, 140, -109, 239, 102, -140, 242, 71, -160, 276, 200, -65, 281, 132, -97, 284, 91, -122, 290, 57, -140, 302, 209, -64, 313, 149, -93, 318, 112, -112, 323, 82, -126, 327, 227, -70, 341, 182, -94, 348, 153, -105, 354, 127, -114, 0]
[264, 333, 0, 219, 313, -53, 181, 278, -86, 152, 244, -114, 124, 217, -141, 246, 200, -60, 240, 140, -97, 239, 102, -126, 241, 71, -147, 275, 197, -57, 280, 131, -88, 284, 90, -112, 289, 56, -130, 301, 206, -60, 313, 146, -88, 318, 109, -105, 323, 79, -117, 324, 224, -68, 340, 179, -92, 347, 151, -102, 353, 125, -108, 0]
[268, 333, 0, 219, 313, -69, 183, 278, -109, 152, 244, -141, 122, 216, -173, 246, 201, -74, 239, 140, -112, 238, 101, -144, 240, 68, -167, 275, 200, -64, 281, 133, -96, 284, 90, -124, 289, 56, -146, 301, 210, -60, 313, 149, -88, 319, 111, -112, 323, 80, -131, 326, 227, -62, 341, 181, -86, 348, 151, -103, 354, 122, -115, 0]
[268, 333, 0, 220, 314, -64, 183, 279, -101, 152, 245, -131, 124, 217, -162, 245, 201, -75, 239, 141, -116, 237, 102, -149, 239, 69, -171, 276, 200, -67, 280, 134, -102, 283, 92, -130, 288, 57, -150, 303, 209, -66, 315, 150, -97, 320, 112, -118, 324, 82, -134, 328, 227, -71, 343, 181, -98, 350, 151, -112, 355, 123, -123, 0]
[264, 332, 0, 220, 312, -55, 183, 278, -91, 152, 245, -121, 125, 217, -151, 247, 200, -67, 240, 138, -106, 238, 101, -136, 240, 69, -156, 276, 198, -64, 281, 131, -97, 284, 90, -121, 289, 56, -138, 302, 207, -67, 315, 148, -95, 320, 111, -112, 325, 81, -123, 326, 226, -74, 341, 180, -98, 349, 150, -109, 356, 123, -115, 0]
[266, 332, 0, 219, 311, -55, 181, 275, -89, 151, 242, -117, 122, 215, -146, 246, 199, -64, 240, 137, -100, 238, 99, -129, 240, 67, -149, 275, 197, -60, 280, 129, -92, 283, 88, -116, 288, 54, -134, 301, 207, -62, 312, 146, -90, 318, 109, -109, 322, 79, -122, 325, 225, -69, 340, 179, -93, 347, 149, -106, 352, 122, -115, 0]
[265, 333, 0, 218, 312, -53, 180, 276, -86, 151, 241, -113, 123, 214, -141, 244, 199, -62, 237, 138, -99, 236, 100, -128, 238, 67, -149, 274, 197, -58, 279, 131, -90, 282, 89, -113, 288, 55, -130, 300, 206, -61, 312, 146, -88, 317, 109, -105, 322, 79, -117, 324, 224, -69, 340, 179, -92, 347, 149, -102, 353, 123, -109, 0]
[263, 331, 0, 218, 310, -55, 181, 274, -90, 151, 240, -119, 122, 213, -148, 244, 197, -68, 237, 136, -107, 235, 98, -137, 237, 65, -158, 274, 195, -65, 278, 129, -98, 281, 87, -123, 286, 52, -141, 300, 205, -67, 313, 145, -96, 318, 108, -114, 323, 77, -127, 324, 225, -74, 340, 179, -99, 348, 148, -110, 354, 120, -117, 0]
[261, 332, 0, 216, 311, -58, 179, 275, -95, 150, 240, -125, 121, 214, -155, 244, 197, -69, 237, 136, -108, 235, 97, -139, 236, 65, -160, 273, 195, -64, 279, 128, -98, 282, 87, -123, 287, 52, -141, 298, 205, -65, 310, 145, -94, 315, 107, -113, 320, 76, -127, 322, 224, -72, 337, 178, -97, 344, 148, -109, 350, 120, -117, 0]
[266, 329, 0, 218, 308, -49, 179, 274, -81, 149, 240, -109, 120, 215, -137, 243, 196, -54, 237, 135, -89, 235, 98, -117, 237, 66, -137, 272, 194, -53, 278, 127, -81, 281, 86, -104, 286, 52, -121, 299, 203, -57, 311, 143, -82, 316, 106, -99, 320, 76, -111, 323, 221, -67, 338, 176, -88, 346, 147, -97, 352, 121, -104, 0]
[265, 330, 0, 218, 311, -58, 180, 277, -94, 150, 242, -123, 122, 215, -153, 244, 199, -70, 237, 138, -110, 235, 100, -140, 236, 68, -161, 274, 196, -65, 279, 131, -98, 282, 90, -121, 288, 57, -138, 300, 204, -66, 312, 145, -95, 318, 109, -111, 323, 79, -122, 324, 222, -73, 339, 176, -97, 347, 147, -108, 354, 120, -114, 0]
238,0,314205,-65,290198,-104,266198,-135,248193,-168,237246,-74,211262,-108,160276,-135,125287,-154,98276,-63,218299,-93,164316,-119,127330,-139,97298,-56,233323,-83,184339,-107,151352,-124,125316,-55,252341,-78,219356,-93,194368,-104,1730
229,0,340183,-62,305161,-95,265149,-122,225136,-150,187243,-37,217262,-53,161275,-75,124285,-94,95273,-27,225299,-41,167316,-69,126331,-93,96296,-23,239324,-36,187340,-63,153353,-86,125314,-26,260342,-42,222357,-60,196371,-76,1720
222,0,339178,-83,311155,-127,268142,-160,225125,-192,184240,-95,218256,-134,161267,-166,125278,-188,96270,-76,225295,-111,165309,-139,126323,-160,97293,-64,239321,-94,187335,-116,154348,-134,127310,-58,259338,-86,221352,-104,195365,-117,1720
216,0,341173,-55,312148,-87,268132,-113,224113,-140,189234,-56,215247,-87,158256,-114,124267,-133,96263,-50,219286,-78,161299,-101,124312,-118,94285,-50,233314,-75,182329,-94,149341,-107,123302,-56,254330,-78,216345,-91,191357,-99,1690
209,0,333168,-65,304143,-105,264122,-137,22398,-170,189225,-72,206234,-108,151242,-138,117251,-159,89253,-63,211274,-95,154286,-121,118298,-140,89275,-60,225302,-89,174315,-109,142326,-124,115292,-64,246319,-89,209334,-103,185346,-113,1620
204,0,326164,-50,299138,-82,263117,-109,23199,-136,206216,-53,200224,-84,144232,-110,110240,-128,83245,-49,203267,-75,146278,-97,110288,-113,82268,-51,216295,-73,166307,-91,135316,-104,109287,-58,236314,-77,200328,-87,177340,-93,1560
197,0,325159,-57,296138,-94,264124,-125,241109,-158,225210,-64,199216,-99,143223,-128,108231,-150,80236,-59,204256,-90,144268,-118,106278,-139,76258,-61,217283,-88,166296,-113,132306,-131,105277,-68,237305,-90,200319,-105,174330,-116,1500
197,0,322158,-62,293136,-99,260120,-130,233102,-163,210209,-60,197215,-92,143221,-122,108228,-145,80236,-53,202254,-81,145265,-110,108275,-132,79258,-53,215282,-78,164293,-104,130302,-124,103277,-59,235301,-81,198313,-97,172324,-110,1480
195,0,327158,-45,301134,-74,265120,-100,238108,-126,219210,-50,200216,-83,145223,-110,111230,-130,83238,-50,203257,-77,147268,-100,111279,-117,82259,-55,217283,-79,166295,-97,134305,-109,109276,-65,238302,-86,201315,-96,175326,-102,1530
197,0,327158,-54,302136,-89,272126,-119,250119,-151,236211,-53,204218,-85,149225,-113,115233,-133,87238,-49,207257,-75,150269,-99,114279,-117,85259,-51,219283,-74,168295,-94,136304,-108,111277,-59,239304,-79,202317,-90,178328,-98,1560
201,0,331158,-49,304132,-81,269114,-107,23999,-134,216211,-57,208218,-90,152226,-116,117233,-135,89238,-54,211257,-81,152269,-104,115279,-121,86259,-56,223283,-80,171294,-100,138304,-114,112277,-62,243303,-84,205316,-96,180327,-105,1570
195,0,334159,-41,304133,-69,265114,-94,23295,-119,209210,-47,207216,-78,152224,-104,119233,-121,92237,-48,211257,-74,154269,-94,119280,-108,91259,-54,226283,-77,175294,-92,143304,-102,117277,-64,248303,-84,211317,-92,186328,-97,1630
193,0,336157,-34,305134,-59,266118,-82,234102,-105,210211,-40,210218,-68,154226,-92,120235,-108,94238,-43,214258,-65,155270,-84,119280,-98,92260,-50,228285,-69,175296,-83,144305,-93,120278,-60,249303,-77,211317,-84,186327,-88,1650
197,0,341159,-45,313135,-75,274118,-100,242102,-126,219211,-53,214218,-85,158226,-110,123234,-128,96239,-51,218258,-77,159270,-97,123280,-111,96261,-54,233284,-78,179295,-94,147304,-105,122279,-62,255304,-82,216317,-92,190327,-98,1680
197,0,337163,-37,308143,-62,272125,-85,243107,-109,222211,-35,212218,-61,158226,-84,125234,-100,99238,-36,216258,-57,160269,-77,125280,-91,97260,-42,229283,-61,179294,-77,147303,-88,122278,-52,250303,-68,214316,-76,189327,-81,1670
199,0,344163,-44,315140,-73,276123,-97,244105,-122,222211,-49,216217,-81,161224,-107,126232,-125,99238,-48,219256,-74,162267,-95,127278,-110,99260,-51,232282,-75,182292,-92,151301,-103,125278,-60,252302,-79,216315,-89,191326,-94,1690
201,0,341161,-73,315134,-117,279110,-151,24588,-186,215210,-81,219216,-119,163225,-149,129234,-170,101239,-67,222257,-100,165269,-126,129280,-146,100261,-60,235284,-88,185294,-110,153303,-127,128279,-59,254304,-83,219317,-99,194327,-111,1720
198,0,345160,-51,317136,-82,277114,-109,24293,-136,216211,-53,218217,-86,163224,-113,129233,-132,102238,-50,222257,-79,165267,-102,129278,-119,100259,-53,236283,-79,185295,-97,154304,-109,128277,-61,257302,-83,220316,-94,195327,-102,1720
196,0,344158,-47,315132,-77,275112,-103,24092,-130,212212,-52,219218,-84,165225,-110,131234,-129,104240,-51,223259,-77,166270,-99,131281,-116,103261,-55,237285,-78,187296,-95,156305,-108,130278,-64,259304,-85,222318,-96,198329,-103,1760
198,0,348162,-50,319138,-81,279118,-108,24499,-134,218212,-53,220219,-85,166226,-112,132234,-131,105239,-50,225259,-77,169270,-100,133280,-116,104260,-52,239283,-77,188294,-94,156303,-106,130278,-59,261302,-80,223316,-90,198327,-97,1750
201,0,344163,-52,318140,-83,284127,-109,256114,-136,235214,-54,220221,-85,166228,-112,133237,-131,107241,-49,223261,-75,167271,-99,133282,-117,105262,-51,236286,-74,187296,-93,157305,-107,132279,-58,257304,-77,221317,-88,198328,-96,1760
196,0,348160,-48,319138,-77,281123,-102,248109,-126,222214,-47,223220,-78,169228,-105,135237,-124,108240,-45,228259,-72,172270,-95,137281,-112,108260,-49,241284,-74,192295,-93,161305,-105,135277,-58,263303,-80,227316,-92,203328,-99,1800
197,0,350159,-50,321135,-82,281115,-109,24596,-137,216214,-58,225221,-91,168229,-117,135238,-135,108241,-55,230260,-83,171271,-106,135281,-122,107261,-57,244286,-82,193298,-100,162307,-113,136278,-65,267303,-87,228316,-99,203328,-107,1800
193,0,350158,-42,320135,-71,278116,-95,24396,-121,216213,-50,222220,-81,167228,-107,135237,-125,109239,-51,228260,-78,171271,-99,137281,-114,109260,-57,243285,-80,192296,-96,160305,-108,134277,-67,266302,-87,228316,-96,202328,-103,1790
195,0,352158,-56,324133,-90,282113,-118,24593,-146,215212,-63,225219,-98,170227,-126,137236,-147,109240,-57,230258,-89,174270,-114,138281,-133,109261,-58,244284,-86,194296,-106,163305,-120,137280,-64,265303,-88,227316,-102,202328,-111,1780
199,0,347160,-53,321133,-86,283110,-113,24990,-140,223212,-58,224218,-90,168227,-116,136236,-134,109240,-53,228259,-79,170270,-102,135280,-118,108261,-52,241285,-75,191295,-94,160304,-107,135278,-57,262302,-77,224315,-88,200326,-96,1780
197,0,348158,-52,317135,-85,280115,-113,24995,-142,223213,-51,223220,-81,168227,-108,134235,-127,107239,-46,228258,-72,171269,-97,134279,-116,105260,-47,242283,-69,191294,-92,158303,-108,133278,-53,262301,-73,225314,-86,199325,-96,1770
197,0,348159,-47,319135,-78,279114,-105,24494,-132,217212,-59,223219,-92,167227,-118,134236,-136,107239,-57,228259,-86,170269,-108,134279,-123,105260,-60,243283,-85,191295,-103,159304,-115,133277,-68,265301,-90,227314,-100,201325,-107,1780
199,0,347160,-49,320135,-81,280114,-108,24395,-135,214214,-57,223220,-88,167226,-114,134235,-131,107241,-53,228260,-79,170270,-99,134280,-113,106262,-54,242284,-76,190295,-91,159304,-103,134279,-59,263303,-80,224316,-89,199326,-96,1770
194,0,348158,-44,318135,-73,277116,-98,24195,-123,214212,-48,223219,-80,168226,-105,135235,-123,108239,-48,227257,-74,170269,-95,135279,-110,107259,-53,241283,-76,190293,-92,159302,-103,133276,-62,262301,-82,224315,-91,199326,-97,1770
198,0,351159,-57,321135,-91,281114,-118,24695,-146,217214,-58,223219,-90,168227,-118,135235,-137,108240,-51,228259,-79,172270,-103,136280,-120,107261,-50,242285,-75,192296,-95,161304,-110,135278,-55,263303,-77,226315,-90,201326,-99,1780
200,0,348161,-60,322136,-96,283116,-125,24997,-154,221214,-64,222219,-98,168226,-126,135235,-146,108240,-56,227258,-85,170269,-109,134280,-127,106261,-54,241283,-80,191294,-100,159303,-115,133279,-58,263303,-80,225316,-94,200327,-104,1760
198,0,349161,-46,320135,-77,281116,-104,24697,-131,218213,-52,222218,-84,168225,-111,136234,-130,109240,-51,227258,-79,171269,-100,136279,-117,108261,-56,242282,-80,191293,-96,160301,-108,134279,-65,264301,-87,226314,-97,201324,-104,1780
198,0,350160,-42,322135,-70,281116,-94,24696,-118,220212,-43,222217,-72,168223,-97,136231,-115,109239,-43,226256,-67,169266,-88,135276,-104,108260,-48,240281,-70,189291,-86,158300,-98,132279,-58,262300,-77,224312,-86,199323,-93,1760
197,0,353160,-42,324136,-70,281116,-95,24694,-119,220209,-47,224214,-78,168220,-103,135228,-121,108236,-47,228253,-73,170263,-93,134273,-108,106258,-52,242279,-74,189289,-89,157297,-100,132277,-62,264299,-81,223310,-89,197320,-95,1730
200,0,352164,-44,325138,-74,285117,-100,25195,-126,226208,-52,223211,-84,167216,-111,133222,-129,105234,-52,226249,-80,167258,-102,132267,-117,103254,-56,239274,-81,186283,-98,153291,-111,126272,-65,259295,-86,220306,-97,194316,-104,1700
200,0,351163,-44,325136,-76,285112,-103,25289,-132,225207,-61,223208,-96,165211,-123,131216,-142,103234,-62,226248,-92,165256,-115,127263,-132,98256,-68,240275,-94,185283,-112,151288,-125,123275,-77,262296,-100,221307,-112,193315,-119,1690
202,0,352165,-46,327139,-79,291120,-107,263101,-136,243204,-56,223203,-91,166205,-119,131209,-139,103231,-56,225242,-87,164248,-111,128256,-128,97254,-61,237269,-88,182276,-108,148282,-120,120275,-71,258293,-93,216301,-104,188309,-111,1630
203,0,351168,-55,327141,-93,294119,-126,26997,-160,251201,-69,220198,-108,164198,-138,130200,-159,102228,-66,222238,-100,162243,-127,124249,-146,93250,-69,234267,-98,179273,-119,146278,-134,118271,-77,254288,-100,212297,-113,183304,-121,1570
204,0,354165,-50,332136,-82,298112,-110,27190,-138,251198,-56,224193,-90,167193,-118,132194,-137,103226,-54,223234,-84,162238,-109,124243,-126,92250,-58,233263,-84,178268,-104,144273,-117,116271,-66,252287,-88,209294,-99,181300,-106,1550
207,0,351169,-61,331138,-100,296110,-132,26881,-166,247199,-79,225193,-117,167193,-147,131195,-167,102226,-72,224234,-106,161238,-132,123242,-151,92250,-70,234264,-100,178268,-123,144270,-138,116271,-74,252288,-98,208296,-113,179301,-123,1540
212,0,356173,-48,337140,-80,303110,-107,27882,-135,260199,-57,229193,-91,170192,-117,134195,-135,104226,-55,226232,-84,163235,-106,124240,-122,92250,-59,235261,-83,178265,-102,143268,-115,115272,-66,252287,-87,208294,-98,179299,-105,1540
210,0,353170,-88,336140,-139,305110,-178,27881,-219,254198,-109,229192,-156,172192,-192,135194,-218,104227,-90,230232,-131,166236,-164,126240,-189,93253,-77,241263,-112,184266,-140,147269,-161,118278,-72,257292,-100,213297,-119,183302,-134,1560
209,0,358171,-52,338138,-86,304108,-114,27681,-142,254202,-60,230195,-94,172194,-121,136195,-140,107230,-56,227236,-85,165238,-109,125242,-125,94254,-57,236267,-82,181271,-101,147273,-114,119276,-64,253292,-85,211299,-96,182303,-103,1580
217,0,361174,-62,344139,-102,310107,-134,27977,-167,254203,-80,236195,-118,175193,-146,137195,-164,106232,-71,234235,-103,167237,-125,126241,-141,94257,-67,242265,-94,182268,-112,146270,-125,118280,-69,257292,-92,211298,-104,180303,-113,1540
210,0,358170,-58,340137,-96,308105,-128,27978,-160,257201,-69,230193,-106,171193,-135,135195,-154,106229,-63,229234,-94,165237,-118,125241,-135,94253,-63,238264,-90,180268,-109,145271,-122,117276,-68,256290,-91,211297,-104,181301,-112,1550
213,0,361173,-59,342140,-96,309111,-128,28185,-160,257200,-70,231193,-107,172192,-137,135194,-157,105229,-64,229234,-97,165237,-122,124240,-141,92255,-65,239264,-93,181267,-114,145269,-129,117279,-70,257292,-94,213297,-108,183301,-118,1560
214,0,358171,-69,341136,-111,308103,-144,27772,-177,251202,-79,230194,-116,170192,-145,134194,-165,103230,-67,227234,-100,163236,-124,123240,-142,91255,-61,236265,-90,179268,-111,144270,-126,116278,-62,252292,-88,208298,-103,180303,-113,1530
212,0,359170,-66,341137,-107,306106,-140,27676,-174,252200,-78,231193,-118,172193,-149,136195,-172,105228,-69,230233,-104,166236,-132,125240,-153,93253,-67,239263,-99,181265,-123,145268,-140,117276,-72,256292,-99,212299,-116,182304,-129,1550
212,0,361172,-64,341139,-105,306107,-139,27677,-173,253200,-77,230194,-116,171193,-146,134196,-167,105229,-70,230234,-104,165236,-130,124240,-150,92254,-69,241264,-99,182267,-121,146269,-137,118279,-74,259292,-100,213298,-115,181302,-127,1530
213,0,361173,-58,343139,-94,309108,-124,28079,-154,258200,-67,230193,-103,171192,-130,134195,-149,105229,-61,228234,-91,164237,-114,125241,-131,94254,-61,238265,-87,180268,-107,146270,-121,118278,-65,255292,-88,211298,-101,182302,-110,1560
214,0,362174,-61,343138,-99,308106,-129,27777,-160,253200,-72,232193,-109,173192,-138,136195,-158,105229,-65,230233,-98,166236,-122,125241,-139,93254,-65,240263,-94,182267,-115,146269,-130,117279,-70,258292,-96,213297,-111,183302,-121,1550
214,0,357171,-79,340138,-127,308104,-165,27874,-204,252201,-94,231193,-136,172192,-170,135195,-193,104229,-78,229233,-115,165235,-143,123239,-165,91253,-69,238264,-100,181267,-125,145270,-144,116276,-68,253290,-94,209296,-113,179301,-127,1520
210,0,356171,-64,338140,-106,306110,-141,27982,-177,258199,-79,228192,-119,170192,-150,133194,-171,104227,-72,227231,-108,163234,-134,123238,-152,91252,-71,237261,-102,179265,-124,142267,-140,114277,-76,255291,-102,210297,-117,179302,-127,1520
216,0,355176,-54,337141,-89,303109,-119,27479,-149,252201,-66,226193,-102,167191,-130,132192,-149,102229,-62,224234,-94,161236,-118,122239,-135,90254,-64,234264,-91,177267,-112,142269,-126,113276,-70,251290,-94,207296,-107,178301,-116,1520
215,0,353174,-60,337139,-97,302107,-128,27176,-158,248199,-74,225191,-111,166190,-139,130191,-157,100227,-66,223231,-99,160233,-122,120237,-138,88250,-65,232262,-94,175265,-113,141268,-126,112273,-69,248287,-94,204294,-107,175299,-115,1490
217,0,351177,-54,335140,-89,303108,-119,27580,-149,255199,-68,223191,-105,165190,-132,129191,-151,100227,-63,220230,-95,157233,-117,117237,-133,85252,-64,228260,-91,172263,-109,137266,-121,109275,-69,244288,-92,200294,-103,171299,-109,1460
213,0,347170,-67,332136,-108,299104,-140,27074,-174,248197,-82,221188,-121,162186,-151,126188,-172,96225,-72,219229,-107,155230,-133,115234,-153,82250,-68,228259,-99,171262,-122,135265,-139,105273,-71,244287,-97,200293,-113,170298,-125,1430
210,0,349168,-59,331136,-97,298108,-128,27082,-160,249195,-75,221187,-114,162185,-144,124186,-163,94223,-69,219227,-103,155228,-128,114232,-145,81248,-68,228257,-98,170260,-117,134263,-130,105272,-73,244284,-97,199290,-110,169295,-117,1430
211,0,348166,-85,331133,-135,298101,-172,26869,-210,241197,-104,221187,-144,161184,-175,123185,-196,91227,-83,220228,-118,153229,-146,111230,-166,78253,-67,229261,-97,170262,-121,133264,-140,103276,-59,244288,-84,198292,-101,168296,-115,1420
215,0,342169,-91,328136,-142,296103,-181,26972,-221,243194,-108,218186,-149,159184,-182,121185,-205,90223,-86,217226,-123,151228,-154,110230,-178,78249,-71,225257,-103,167259,-132,131260,-155,101273,-64,239286,-90,196291,-111,166296,-128,1400
212,0,346170,-61,328136,-99,294103,-130,26673,-161,243197,-72,218188,-110,160186,-140,124187,-161,94225,-65,215228,-98,152229,-123,111232,-141,79249,-65,225259,-94,168262,-114,132264,-128,102273,-70,243287,-95,198293,-109,169297,-118,1420
214,0,345169,-82,328135,-129,295103,-164,26471,-201,239197,-98,219189,-140,160187,-172,123189,-195,92226,-81,218228,-118,153230,-147,112234,-169,79252,-70,227259,-103,168261,-128,132264,-146,103276,-67,242288,-95,197293,-113,167298,-127,1400
214,0,347173,-62,329139,-101,295109,-132,26781,-165,245199,-78,218190,-118,160188,-148,124189,-169,94226,-71,216229,-106,153231,-132,113235,-150,81251,-70,226260,-101,169263,-122,133265,-136,104275,-74,244288,-100,198294,-115,167299,-124,1400
212,0,347171,-70,328138,-112,294106,-146,26576,-181,241198,-85,219190,-125,160189,-158,124190,-180,93226,-73,217230,-109,153232,-137,113236,-158,81251,-69,227261,-100,169264,-123,133266,-140,105275,-70,244288,-96,199294,-112,169298,-124,1430
214,0,346173,-71,327139,-114,294106,-148,26575,-183,242199,-84,218192,-123,160190,-154,123192,-176,93227,-72,217231,-106,153234,-135,112237,-156,80252,-66,227262,-95,170265,-120,134267,-138,106275,-66,243290,-91,199296,-107,169300,-120,1430
215,0,347174,-60,329139,-98,296106,-130,26776,-163,245200,-73,220192,-112,161190,-142,124191,-162,94228,-67,217232,-101,154234,-125,113237,-142,81253,-66,227262,-96,170265,-115,135267,-128,106277,-71,244290,-97,200296,-110,169299,-118,1430
216,0,347175,-59,331139,-95,298108,-125,26880,-155,246200,-69,219192,-105,160191,-134,124192,-154,95228,-62,217232,-94,153235,-118,113238,-136,82253,-62,226263,-89,169267,-109,134270,-124,106277,-67,244291,-91,199296,-104,169300,-113,1420
216,0,347175,-57,330139,-94,296106,-125,26676,-156,243200,-72,220192,-109,161191,-138,125193,-157,95228,-66,218233,-98,155236,-120,115240,-136,84253,-65,228264,-92,172268,-110,137271,-122,108277,-70,246291,-93,201297,-105,172302,-112,1470
215,0,347175,-60,328140,-97,294109,-128,26680,-160,244200,-73,218192,-112,161190,-141,125192,-162,96228,-67,217231,-101,154234,-126,115237,-145,83253,-67,227262,-96,171264,-118,136266,-133,108277,-72,245290,-97,201296,-111,171301,-121,1440
212,0,346174,-54,328140,-90,294109,-119,26582,-150,242201,-67,217194,-105,159193,-134,124194,-155,94229,-64,215233,-97,152235,-122,113239,-140,81253,-66,226263,-94,169267,-115,134269,-130,106277,-73,245291,-98,201297,-112,171301,-121,1440
215,0,344173,-77,327140,-123,293109,-158,26379,-194,238201,-92,218194,-134,160192,-167,124194,-190,93230,-78,217234,-115,154236,-143,113240,-165,81255,-69,227265,-101,170268,-126,135271,-144,106278,-68,243291,-95,200296,-113,170301,-126,1440
214,0,347176,-65,331145,-106,301118,-140,27795,-174,258202,-80,221194,-119,162193,-150,125194,-171,96230,-71,219234,-105,156236,-130,115240,-148,83254,-68,229264,-97,171266,-118,135269,-132,108278,-71,246292,-96,202297,-110,171301,-119,1450
216,0,347175,-51,328140,-85,296110,-114,26682,-144,243203,-60,218195,-94,161193,-122,126194,-140,97230,-57,216234,-86,154236,-108,115240,-124,84254,-59,225265,-84,169269,-102,135271,-114,107276,-67,243291,-89,199297,-100,170301,-107,1450
216,0,347177,-54,328144,-90,295114,-121,26788,-153,246202,-67,220194,-105,162193,-134,126195,-154,97229,-64,219234,-97,156237,-120,116241,-136,84254,-66,228264,-94,171267,-113,136270,-125,108278,-73,245291,-97,201297,-109,170300,-116,1440
216,0,348175,-60,330143,-99,298114,-131,26990,-164,246202,-74,221194,-114,163193,-145,127195,-165,98228,-68,218232,-103,155234,-129,115239,-146,84252,-69,227262,-99,169265,-120,134267,-135,106275,-74,244290,-100,201296,-115,171300,-125,1460
220,0,343180,-60,328146,-97,298118,-127,27395,-157,254202,-71,221195,-107,162194,-135,126196,-154,97229,-63,218234,-93,155237,-118,116241,-136,85253,-61,226263,-87,170268,-109,135272,-124,108276,-64,241290,-86,198297,-100,169302,-110,1450
216,0,344175,-57,328141,-92,296113,-120,26488,-149,238202,-67,220195,-103,163194,-132,128197,-151,98229,-61,218234,-92,156237,-114,117242,-131,86253,-61,227263,-88,172267,-106,138271,-119,110276,-67,244290,-91,201297,-103,174303,-112,1490
216,0,348176,-64,330145,-104,299119,-137,27296,-170,251202,-78,221195,-119,163194,-150,127197,-171,98229,-70,220233,-106,157235,-133,117239,-152,85253,-69,229263,-100,172265,-123,137267,-138,110277,-73,245291,-99,202297,-114,172301,-124,1460
216,0,342176,-74,326143,-119,294114,-154,26486,-189,238203,-91,218195,-132,161193,-163,125195,-185,96231,-78,217235,-114,155238,-142,115242,-162,84255,-71,226265,-103,171268,-127,136270,-145,108277,-70,242291,-98,199297,-115,170302,-128,1440
219,0,342178,-55,326143,-90,293114,-119,26188,-148,235203,-68,219196,-104,160195,-132,124196,-151,95230,-63,217235,-95,154237,-118,115241,-134,84255,-64,226265,-91,169268,-109,135271,-122,107279,-70,242292,-94,197298,-106,168302,-114,1430
215,0,346175,-56,328142,-91,293113,-120,26186,-150,235202,-65,219195,-102,161193,-130,125195,-150,95229,-60,216234,-92,155237,-116,115241,-132,83253,-61,226263,-89,170267,-108,135270,-120,107276,-68,243290,-92,199296,-104,170302,-112,1440
214,0,346176,-59,329147,-98,300128,-130,277114,-162,259202,-72,219195,-111,161192,-141,125193,-162,95230,-67,216234,-100,153236,-126,114239,-144,82254,-67,225263,-95,168267,-116,134269,-130,106277,-73,241290,-96,197296,-109,168300,-117,1420
212,0,343174,-57,325143,-94,292114,-124,26188,-154,237203,-70,215195,-108,158193,-136,123193,-156,93229,-65,214235,-98,152237,-122,113241,-138,81253,-65,224265,-94,168269,-113,134273,-126,104274,-71,241290,-96,198296,-108,169302,-116,1430
220,0,344180,-55,328148,-89,297121,-119,270100,-148,247203,-66,219195,-101,159194,-128,123195,-147,94230,-60,216235,-90,152237,-113,112241,-130,81254,-60,224265,-86,167268,-106,133270,-119,106277,-65,239290,-87,196296,-99,167300,-108,1430
