1:
    0.642226
    0.641841
    0.642591
    0.642242
    0.648932
        0.6435663999999999
2:
    0.373896
    0.3567
    0.359115
    0.355365
    0.35693
        0.3604012
        1,7855
        0.8927
4:
    0.213881
    0.204763
    0.209698
    0.202618
    0.214699
        0.20913179999999998
        3,0774
        0.7686
8:
    0.230391
    0.239037
    0.238777
    0.238592
    0.243432
        0.2380458
        2,7037
        0.3379
16:
    0.281084
    0.28607
    0.292404
    0.279341
    0.303899
        0.28855959999999997
        2,2305
        0.1394
22:
    0.31131
    0.296974
    0.317326
    0.29723
    0.309368
        0.30644160000000004
        2,1001
        0.0954
